czasmax=1.000000 
lambda=1.254000 alfa1=1.500000 alfa2=4.650000 alfa1w=0.500000 alfa2w=1.550000 
N=100 M=400 
